Zini,MH,logAge,Mini,int_IMF,Mass,LogL,LogTe,logg,label,McoreTP,C_O,period0,period1,period2,period3,period4,pmode,Mloss,tau1m,X,Y,Xc,Xn,Xo,Cexcess,Z,mbolmag,Gmag,G_BPmag,G_RPmag
0.01471,0.0,8.45,0.0900000036,1.0816895962,0.09,-3.102,3.3858,4.99,0.0,0.0,0.545,0.0,0.0,0.0,0.0,0.0,-1.0,-1.07e-16,0.0,0.7107,0.2745,0.002655,0.0007163,0.006496,-1.0,0.01476,12.526,14.567,17.413,13.085
0.01471,0.0,8.45,0.0900000036,1.0816895962,0.09,-3.102,3.3858,4.99,0.0,0.0,0.545,0.0,0.0,0.0,0.0,0.0,-1.0,-1.07e-16,0.0,0.7107,0.2745,0.002655,0.0007163,0.006496,-1.0,0.01476,12.526,14.567,17.413,13.085
0.01471,0.0,8.45,0.0906737596,1.0881125927,0.091,-3.096,3.3869,4.991,0.0,0.0,0.545,0.0,0.0,0.0,0.0,0.0,-1.0,-1.08e-16,0.0,0.7107,0.2745,0.002655,0.0007163,0.006496,-1.0,0.01476,12.51,14.552,17.397,13.069
0.01471,0.0,8.45,0.0981173739,1.1551849842,0.098,-3.023,3.3993,5.002,0.0,0.0,0.545,0.0,0.0,0.0,0.0,0.0,-1.0,-1.22e-16,0.0,0.7107,0.2745,0.002655,0.0007163,0.006496,-1.0,0.01476,12.326,14.368,17.216,12.885
0.01471,0.0,8.45,0.1000000015,1.1711064577,0.1,-3.006,3.4023,5.005,0.0,0.0,0.545,0.0,0.0,0.0,0.0,0.0,-1.0,-1.25e-16,0.0,0.7107,0.2745,0.002655,0.0007163,0.006496,-1.0,0.01476,12.284,14.325,17.175,12.842
0.01471,0.0,8.45,0.1100686267,1.2501009703,0.11,-2.917,3.4162,5.013,0.0,0.0,0.545,0.0,0.0,0.0,0.0,0.0,-1.0,-1.44e-16,0.0,0.7107,0.2745,0.002655,0.0007163,0.006496,-1.0,0.01476,12.062,14.094,16.935,12.613
0.01471,0.0,8.45,0.1200000048,1.3193155527,0.12,-2.833,3.4296,5.021,0.0,0.0,0.545,0.0,0.0,0.0,0.0,0.0,-1.0,-1.66e-16,0.0,0.7107,0.2745,0.002655,0.0007163,0.006496,-1.0,0.01476,11.854,13.716,16.327,12.274
0.01471,0.0,8.45,0.130815357,1.3866878748,0.131,-2.764,3.4382,5.023,0.0,0.0,0.545,0.0,0.0,0.0,0.0,0.0,-1.0,-1.86e-16,0.0,0.7107,0.2745,0.002655,0.0007163,0.006496,-1.0,0.01476,11.679,13.429,15.899,12.013
0.01471,0.0,8.45,0.1352034211,1.4119893312,0.135,-2.736,3.4417,5.023,0.0,0.0,0.545,0.0,0.0,0.0,0.0,0.0,-1.0,-1.95e-16,0.0,0.7107,0.2745,0.002655,0.0007163,0.006496,-1.0,0.01476,11.61,13.316,15.731,11.911
0.01471,0.0,8.45,0.1400000006,1.4384527206,0.14,-2.703,3.4454,5.02,0.0,0.0,0.545,0.0,0.0,0.0,0.0,0.0,-1.0,-2.07e-16,0.0,0.7107,0.2745,0.002655,0.0007163,0.006496,-1.0,0.01476,11.527,13.185,15.538,11.791
0.01471,0.0,8.45,0.1599999964,1.5372931957,0.16,-2.585,3.4578,5.011,0.0,0.0,0.545,0.0,0.0,0.0,0.0,0.0,-1.0,-2.57e-16,0.0,0.7107,0.2746,0.002655,0.0007163,0.006496,-1.0,0.01476,11.234,12.735,14.88,11.383
0.01471,0.0,8.45,0.200000003,1.6938791275,0.2,-2.396,3.4759,4.99,0.0,0.0,0.545,0.0,0.0,0.0,0.0,0.0,-1.0,-3.64e-16,0.0,0.7106,0.2746,0.002655,0.0007163,0.006496,-1.0,0.01476,10.759,12.054,13.928,10.762
0.01471,0.0,8.45,0.2405867875,1.8158303499,0.241,-2.24,3.4895,4.969,0.0,0.0,0.545,0.0,0.0,0.0,0.0,0.0,-1.0,-4.87e-16,0.0,0.7106,0.2746,0.002655,0.0007163,0.006496,-1.0,0.01476,10.37,11.518,13.2,10.275
0.01471,0.0,8.45,0.25,1.8403258324,0.25,-2.206,3.4923,4.963,0.0,0.0,0.545,0.0,0.0,0.0,0.0,0.0,-1.0,-5.2e-16,0.0,0.7106,0.2746,0.002655,0.0007163,0.006496,-1.0,0.01476,10.286,11.407,13.056,10.173
0.01471,0.0,8.45,0.3000000119,1.9529139996,0.3,-2.057,3.5035,4.938,0.0,0.0,0.545,0.0,0.0,0.0,0.0,0.0,-1.0,-6.9e-16,0.0,0.7106,0.2746,0.002655,0.0007163,0.006496,-1.0,0.01476,9.912,10.934,12.461,9.736
0.01471,0.0,8.45,0.3460613787,2.036914587,0.346,-1.923,3.5137,4.907,0.0,0.0,0.545,0.0,0.0,0.0,0.0,0.0,-1.0,-9.07e-16,0.0,0.7107,0.2745,0.002655,0.0007163,0.006496,-1.0,0.01476,9.577,10.514,11.941,9.348
0.01471,0.0,8.45,0.3500000238,2.0434176922,0.35,-1.912,3.5145,4.904,0.0,0.0,0.545,0.0,0.0,0.0,0.0,0.0,-1.0,-9.28e-16,0.0,0.7107,0.2745,0.002655,0.0007163,0.006496,-1.0,0.01476,9.549,10.481,11.9,9.316
0.01471,0.0,8.45,0.4000000358,2.1185026169,0.4,-1.764,3.5263,4.861,0.0,0.0,0.545,0.0,0.0,0.0,0.0,0.0,-1.0,-1.28e-15,0.0,0.7107,0.2745,0.002655,0.0007163,0.006496,-1.0,0.01476,9.18,10.023,11.341,8.895
0.01471,0.0,8.45,0.4500000179,2.1822810173,0.45,-1.612,3.5397,4.814,0.0,0.0,0.545,0.0,0.0,0.0,0.0,0.0,-1.0,-1.8e-15,0.0,0.7107,0.2745,0.002655,0.0007163,0.006496,-1.0,0.01476,8.8,9.554,10.773,8.464
0.01471,0.0,8.45,0.5,2.2374541759,0.5,-1.46,3.555,4.769,0.0,0.0,0.545,0.0,0.0,0.0,0.0,0.0,-1.0,-2.56e-15,0.0,0.7107,0.2745,0.002655,0.0007163,0.006496,-1.0,0.01476,8.42,9.08,10.199,8.032
0.01471,0.0,8.45,0.5394925475,2.2747635841,0.539,-1.344,3.5682,4.739,0.0,0.0,0.545,0.0,0.0,0.0,0.0,0.0,-1.0,-3.31e-15,0.0,0.711,0.2742,0.002651,0.0007153,0.006487,-1.0,0.01474,8.13,8.709,9.748,7.7
0.01471,0.0,8.45,0.5500000119,2.2836582661,0.55,-1.311,3.5722,4.73,0.0,0.0,0.545,0.0,0.0,0.0,0.0,0.0,-1.0,-3.57e-15,0.0,0.7112,0.274,0.002649,0.0007149,0.006483,-1.0,0.01474,8.049,8.604,9.619,7.607
0.01471,0.0,8.45,0.57052809,2.2999534607,0.57,-1.244,3.5819,4.718,0.0,0.0,0.545,0.0,0.0,0.0,0.0,0.0,-1.0,-4.16e-15,0.0,0.7113,0.274,0.002649,0.0007148,0.006483,-1.0,0.01471,7.88,8.379,9.34,7.41
0.01471,0.0,8.45,0.6000000238,2.3211214542,0.6,-1.151,3.5953,4.7,0.0,0.0,0.545,0.0,0.0,0.0,0.0,0.0,-1.0,-5.13e-15,0.0,0.7114,0.274,0.002649,0.0007147,0.006482,-1.0,0.01468,7.648,8.077,8.973,7.144
0.01471,0.0,8.45,0.6499999762,2.3520355225,0.65,-0.993,3.6215,4.682,0.0,0.0,0.545,0.0,0.0,0.0,0.0,0.0,-1.0,-7.23e-15,0.0,0.7114,0.2738,0.002648,0.0007145,0.00648,-1.0,0.01475,7.252,7.557,8.339,6.694
0.01471,0.0,8.45,0.6788126826,2.36749053,0.679,-0.904,3.6372,4.674,0.0,0.0,0.545,0.0,0.0,0.0,0.0,0.0,-1.0,-8.78e-15,0.0,0.7115,0.2737,0.002648,0.0007143,0.006479,-1.0,0.01474,7.029,7.259,7.97,6.44
0.01471,0.0,8.45,0.7000000477,2.3779268265,0.7,-0.84,3.6485,4.669,0.0,0.0,0.545,0.0,0.0,0.0,0.0,0.0,-1.0,-1.01e-14,0.0,0.7116,0.2737,0.002647,0.0007142,0.006478,-1.0,0.01474,6.871,7.046,7.709,6.261
0.01471,0.0,8.45,0.7288983464,2.3910424709,0.729,-0.755,3.6636,4.662,0.0,0.0,0.541,0.0,0.0,0.0,0.0,0.0,-1.0,-1.21e-14,0.0,0.7118,0.2734,0.002624,0.000713,0.006472,-1.0,0.01475,6.657,6.764,7.366,6.023
0.01471,0.0,8.45,0.75,2.3998889923,0.75,-0.696,3.6754,4.662,0.0,0.0,0.538,0.0,0.0,0.0,0.0,0.0,-1.0,-1.36e-14,0.0,0.7117,0.2736,0.002611,0.0007131,0.006477,-1.0,0.01474,6.509,6.568,7.128,5.86
0.01471,0.0,8.45,0.8000000119,2.4187245369,0.8,-0.566,3.6954,4.641,0.0,0.0,0.537,0.0,0.0,0.0,0.0,0.0,-1.0,-1.82e-14,0.0,0.7118,0.2735,0.00261,0.0007128,0.006474,-1.0,0.01473,6.186,6.18,6.677,5.523
0.01471,0.0,8.45,0.8500000238,2.4350347519,0.85,-0.444,3.7142,4.62,0.0,0.0,0.538,0.0,0.0,0.0,0.0,0.0,-1.0,-2.4e-14,0.0,0.712,0.2734,0.002609,0.0007125,0.006472,-1.0,0.01465,5.88,5.826,6.272,5.214
0.01471,0.0,8.45,0.8999999762,2.4492788315,0.899,-0.328,3.7313,4.597,0.0,0.0,0.538,0.0,0.0,0.0,0.0,0.0,-1.0,-3.12e-14,0.0,0.7121,0.2732,0.002607,0.0007121,0.006468,-1.0,0.01472,5.591,5.504,5.91,4.93
0.01471,0.0,8.45,0.9499999881,2.4618122578,0.95,-0.218,3.7464,4.571,1.0,0.0,0.538,0.0,0.0,0.0,0.0,0.0,-1.0,-4.04e-14,0.0,0.7124,0.2729,0.002605,0.0007115,0.006462,-1.0,0.01469,5.315,5.207,5.577,4.668
0.01471,0.0,8.45,1.0,2.4729156494,1.0,-0.109,3.7604,4.541,1.0,0.0,0.538,0.0,0.0,0.0,0.0,0.0,-1.0,-5.24e-14,0.0,0.7128,0.2725,0.002603,0.0007107,0.006455,-1.0,0.01468,5.043,4.923,5.262,4.417
0.01471,0.0,8.45,1.0499999523,2.4828116894,1.05,-0.006,3.773,4.509,1.0,0.0,0.538,0.0,0.0,0.0,0.0,0.0,-1.0,-6.25e-14,0.0,0.7133,0.2721,0.002598,0.0007096,0.006446,-1.0,0.01462,4.784,4.659,4.968,4.183
0.01471,0.0,8.45,1.1000000238,2.4916803837,1.099,0.093,3.7844,4.476,1.0,0.0,0.537,0.0,0.0,0.0,0.0,0.0,-1.0,-7.35e-14,0.0,0.7141,0.2712,0.002591,0.0007078,0.006429,-1.0,0.01464,4.537,4.409,4.694,3.961
0.01471,0.0,8.45,1.1120808125,2.4936859608,1.111,0.116,3.787,4.467,1.0,0.0,0.537,0.0,0.0,0.0,0.0,0.0,-1.0,-7.62e-14,0.0,0.7144,0.271,0.002589,0.0007072,0.006425,-1.0,0.0146,4.479,4.351,4.63,3.909
0.01471,0.0,8.45,1.1499999762,2.4996678829,1.149,0.187,3.7948,4.443,0.0,0.0,0.537,0.0,0.0,0.0,0.0,0.0,-1.0,-8.5e-14,0.0,0.7153,0.2702,0.002583,0.0007054,0.006408,-1.0,0.01453,4.302,4.175,4.438,3.752
0.01471,0.0,8.45,1.2000000477,2.5068950653,1.2,0.278,3.8047,4.41,1.0,0.0,0.537,0.0,0.0,0.0,0.0,0.0,-1.0,-9.66e-14,0.0,0.7153,0.2701,0.002585,0.0007059,0.006413,-1.0,0.01456,4.075,3.949,4.192,3.55
0.01471,0.0,8.45,1.25,2.513461113,1.25,0.364,3.8143,4.379,1.0,0.0,0.537,0.0,0.0,0.0,0.0,0.0,-1.0,-1.08e-13,0.0,0.7154,0.27,0.002584,0.0007059,0.006413,-1.0,0.01455,3.859,3.736,3.961,3.36
0.01471,0.0,8.45,1.2999999523,2.5194499493,1.3,0.446,3.8234,4.351,1.0,0.0,0.537,0.0,0.0,0.0,0.0,0.0,-1.0,-1.17e-13,0.0,0.7156,0.2699,0.002584,0.0007056,0.006411,-1.0,0.01455,3.655,3.533,3.742,3.178
0.01471,0.0,8.45,1.3499999046,2.5249314308,1.35,0.523,3.8327,4.328,1.0,0.0,0.537,0.0,0.0,0.0,0.0,0.0,-1.0,-1.24e-13,0.0,0.7154,0.27,0.002584,0.0007059,0.006413,-1.0,0.01456,3.462,3.342,3.535,3.009
0.01471,0.0,8.45,1.3999999762,2.5299651623,1.4,0.597,3.8424,4.309,1.0,0.0,0.537,0.0,0.0,0.0,0.0,0.0,-1.0,-1.26e-13,0.0,0.7155,0.27,0.002584,0.0007057,0.006412,-1.0,0.01455,3.278,3.161,3.338,2.851
0.01471,0.0,8.45,1.4500000477,2.5346016884,1.45,0.667,3.8532,4.297,1.0,0.0,0.537,0.0,0.0,0.0,0.0,0.0,-1.0,-1.23e-13,0.0,0.7156,0.2698,0.002583,0.0007055,0.006409,-1.0,0.01454,3.104,2.99,3.151,2.706
0.01471,0.0,8.45,1.5,2.5388846397,1.5,0.734,3.8656,4.294,1.0,0.0,0.537,0.0,0.0,0.0,0.0,0.0,-1.0,-1.13e-13,0.0,0.7157,0.2697,0.002582,0.0007052,0.006407,-1.0,0.01458,2.934,2.827,2.968,2.573
0.01471,0.0,8.45,1.5499999523,2.5428512096,1.55,0.8,3.8789,4.296,1.0,0.0,0.537,0.0,0.0,0.0,0.0,0.0,-1.0,-9.67e-14,0.0,0.7159,0.2695,0.00258,0.0007048,0.006404,-1.0,0.01457,2.771,2.672,2.794,2.451
0.01471,0.0,8.45,1.6000000238,2.5465342999,1.6,0.862,3.8918,4.299,1.0,0.0,0.537,0.0,0.0,0.0,0.0,0.0,-1.0,-7.31e-14,0.0,0.7161,0.2694,0.002579,0.0007046,0.006402,-1.0,0.01455,2.616,2.527,2.63,2.337
0.01471,0.0,8.45,1.6500000954,2.5499615669,1.649,0.922,3.9037,4.301,1.0,0.0,0.537,0.0,0.0,0.0,0.0,0.0,-1.0,-4.12e-14,0.0,0.7162,0.2693,0.002579,0.0007044,0.0064,-1.0,0.01454,2.466,2.39,2.476,2.231
0.01471,0.0,8.45,1.6780221462,2.5517799854,1.677,0.954,3.91,4.301,1.0,0.0,0.537,0.0,0.0,0.0,0.0,0.0,-1.0,-1.75e-23,0.0,0.7162,0.2692,0.002578,0.0007043,0.006398,-1.0,0.01454,2.385,2.317,2.394,2.174
0.01471,0.0,8.45,1.7000000477,2.5531582832,1.699,0.979,3.9148,4.3,1.0,0.0,0.537,0.0,0.0,0.0,0.0,0.0,-1.0,-9.999999999999999e-31,0.0,0.7163,0.2692,0.002578,0.0007042,0.006398,-1.0,0.01454,2.323,2.262,2.332,2.131
0.01471,0.0,8.45,1.75,2.556145668,1.749,1.034,3.9248,4.298,1.0,0.0,0.537,0.0,0.0,0.0,0.0,0.0,-1.0,-9.999999999999999e-31,0.0,0.7163,0.2691,0.002577,0.000704,0.006396,-1.0,0.01454,2.186,2.141,2.198,2.035
0.01471,0.0,8.45,1.7532091141,2.5563306808,1.752,1.037,3.9254,4.298,1.0,0.0,0.537,0.0,0.0,0.0,0.0,0.0,-1.0,-9.999999999999999e-31,0.0,0.7164,0.2691,0.002577,0.000704,0.006396,-1.0,0.01454,2.177,2.134,2.189,2.029
0.01471,0.0,8.45,1.7999998331,2.5589430332,1.799,1.087,3.9339,4.294,1.0,0.0,0.537,0.0,0.0,0.0,0.0,0.0,-1.0,-9.999999999999999e-31,0.0,0.7164,0.269,0.002577,0.0007038,0.006395,-1.0,0.01451,2.053,2.028,2.073,1.943
0.01471,0.0,8.45,1.8496164083,2.5615477562,1.848,1.137,3.9424,4.289,1.0,0.0,0.537,0.0,0.0,0.0,0.0,0.0,-1.0,-9.999999999999999e-31,0.0,0.7165,0.269,0.002576,0.0007037,0.006394,-1.0,0.01453,1.926,1.922,1.957,1.856
0.01471,0.0,8.45,1.8499999046,2.5615673065,1.849,1.138,3.9425,4.289,1.0,0.0,0.537,0.0,0.0,0.0,0.0,0.0,-1.0,-9.999999999999999e-31,0.0,0.7165,0.269,0.002576,0.0007037,0.006394,-1.0,0.01453,1.925,1.921,1.956,1.855
0.01471,0.0,8.45,1.8779976368,2.5629665852,1.877,1.166,3.947,4.285,1.0,0.0,0.537,0.0,0.0,0.0,0.0,0.0,-1.0,-9.999999999999999e-31,0.0,0.7165,0.269,0.002576,0.0007037,0.006393,-1.0,0.01451,1.855,1.864,1.894,1.806
0.01471,0.0,8.45,1.8999999762,2.5640332699,1.899,1.188,3.9504,4.283,1.0,0.0,0.537,0.0,0.0,0.0,0.0,0.0,-1.0,-9.999999999999999e-31,0.0,0.7166,0.269,0.002576,0.0007036,0.006393,-1.0,0.01448,1.801,1.819,1.846,1.768
0.01471,0.0,8.45,1.9286756516,2.5653812885,1.928,1.216,3.9548,4.278,1.0,0.0,0.537,0.0,0.0,0.0,0.0,0.0,-1.0,-9.999999999999999e-31,0.0,0.7166,0.2689,0.002575,0.0007036,0.006392,-1.0,0.0145,1.731,1.763,1.786,1.72
0.01471,0.0,8.45,1.9500000477,2.5663545132,1.95,1.236,3.958,4.275,1.0,0.0,0.537,0.0,0.0,0.0,0.0,0.0,-1.0,-9.999999999999999e-31,0.0,0.7166,0.2689,0.002575,0.0007036,0.006392,-1.0,0.01452,1.679,1.722,1.742,1.684
0.01471,0.0,8.45,2.0,2.5685424805,2.0,1.284,3.965,4.267,1.0,0.0,0.537,0.0,0.0,0.0,0.0,0.0,-1.0,-9.999999999999999e-31,0.0,0.7166,0.2689,0.002575,0.0007035,0.006391,-1.0,0.01455,1.56,1.628,1.642,1.602
0.01471,0.0,8.45,2.0089201927,2.5689198971,2.009,1.292,3.9663,4.266,1.0,0.0,0.537,0.0,0.0,0.0,0.0,0.0,-1.0,-9.999999999999999e-31,0.0,0.7166,0.2689,0.002575,0.0007035,0.006391,-1.0,0.01454,1.539,1.611,1.624,1.587
0.01471,0.0,8.45,2.0499999523,2.5706083775,2.05,1.331,3.9719,4.258,1.0,0.0,0.537,0.0,0.0,0.0,0.0,0.0,-1.0,-9.999999999999999e-31,0.0,0.7167,0.2688,0.002575,0.0007034,0.006391,-1.0,0.01454,1.442,1.536,1.545,1.521
0.01471,0.0,8.45,2.0999999046,2.5725615025,2.099,1.377,3.9784,4.248,1.0,0.0,0.537,0.0,0.0,0.0,0.0,0.0,-1.0,-9.999999999999999e-31,0.0,0.7166,0.2688,0.002575,0.0007034,0.006391,-1.0,0.01453,1.327,1.447,1.451,1.441
0.01471,0.0,8.45,2.1449434757,2.5742282867,2.144,1.418,3.984,4.239,1.0,0.0,0.537,0.0,0.0,0.0,0.0,0.0,-1.0,-9.999999999999999e-31,0.0,0.7167,0.2688,0.002575,0.0007034,0.006391,-1.0,0.01454,1.225,1.369,1.369,1.37
0.01471,0.0,8.45,2.1500000954,2.574410677,2.149,1.422,3.9846,4.238,1.0,0.0,0.537,0.0,0.0,0.0,0.0,0.0,-1.0,-9.999999999999999e-31,0.0,0.7167,0.2688,0.002575,0.0007034,0.006391,-1.0,0.01454,1.214,1.36,1.36,1.362
0.01471,0.0,8.45,2.2000000477,2.5761635303,2.199,1.467,3.9905,4.227,1.0,0.0,0.537,0.0,0.0,0.0,0.0,0.0,-1.0,-9.999999999999999e-31,0.0,0.7167,0.2688,0.002575,0.0007034,0.006391,-1.0,0.01452,1.102,1.274,1.269,1.283
0.01471,0.0,8.45,2.25,2.5778269768,2.249,1.511,3.9962,4.215,1.0,0.0,0.537,0.0,0.0,0.0,0.0,0.0,-1.0,-9.999999999999999e-31,0.0,0.7167,0.2688,0.002575,0.0007033,0.00639,-1.0,0.01449,0.992,1.189,1.181,1.205
0.01471,0.0,8.45,2.2999999523,2.5794074535,2.299,1.555,4.0015,4.203,1.0,0.0,0.537,0.0,0.0,0.0,0.0,0.0,-1.0,-9.999999999999999e-31,0.0,0.7167,0.2688,0.002575,0.0007033,0.00639,-1.0,0.01449,0.883,1.105,1.094,1.127
0.01471,0.0,8.45,2.3335270882,2.5804238319,2.332,1.583,4.005,4.194,1.0,0.0,0.537,0.0,0.0,0.0,0.0,0.0,-1.0,-9.999999999999999e-31,0.0,0.7167,0.2688,0.002575,0.0007033,0.00639,-1.0,0.01449,0.811,1.049,1.036,1.074
0.01471,0.0,8.45,2.4000000954,2.5823426247,2.399,1.64,4.0115,4.176,1.0,0.0,0.537,0.0,0.0,0.0,0.0,0.0,-1.0,-9.999999999999999e-31,0.0,0.7167,0.2688,0.002575,0.0007034,0.00639,-1.0,0.01455,0.67,0.938,0.921,0.97
0.01471,0.0,8.45,2.4155392647,2.5827736855,2.415,1.653,4.013,4.172,1.0,0.0,0.537,0.0,0.0,0.0,0.0,0.0,-1.0,-9.999999999999999e-31,0.0,0.7163,0.2692,0.002578,0.0007042,0.006397,-1.0,0.01457,0.637,0.912,0.895,0.946
0.01471,0.0,8.45,2.5032644272,2.5850920677,2.503,1.726,4.0211,4.147,1.0,0.0,0.537,0.0,0.0,0.0,0.0,0.0,-1.0,-9.999999999999999e-31,0.0,0.7138,0.2715,0.002596,0.0007091,0.006441,-1.0,0.01465,0.455,0.768,0.747,0.809
0.01471,0.0,8.45,2.5822041035,2.5870244503,2.582,1.791,4.0275,4.121,1.0,0.0,0.538,0.0,0.0,0.0,0.0,0.0,-1.0,-9.999999999999999e-31,0.0,0.7113,0.2739,0.002615,0.0007142,0.006486,-1.0,0.01474,0.292,0.636,0.612,0.682
0.01471,0.0,8.45,2.5999999046,2.5874414444,2.6,1.806,4.0288,4.114,1.0,0.0,0.538,0.0,0.0,0.0,0.0,0.0,-1.0,-9.999999999999999e-31,0.0,0.7107,0.2745,0.00262,0.0007154,0.006497,-1.0,0.01476,0.255,0.605,0.58,0.653
0.01471,0.0,8.45,2.6456439495,2.5884816647,2.646,1.843,4.0318,4.097,1.0,0.0,0.538,0.0,0.0,0.0,0.0,0.0,-1.0,-9.999999999999999e-31,0.0,0.7107,0.2745,0.00262,0.0007154,0.006497,-1.0,0.01476,0.162,0.527,0.5,0.577
0.01471,0.0,8.45,2.7040615082,2.5897541046,2.704,1.891,4.0353,4.072,1.0,0.0,0.538,0.0,0.0,0.0,0.0,0.0,-1.0,-9.999999999999999e-31,0.0,0.7107,0.2745,0.00262,0.0007154,0.006497,-1.0,0.01476,0.042,0.424,0.396,0.477
0.01471,0.0,8.45,2.7830173969,2.591376543,2.783,1.955,4.039,4.035,1.0,0.0,0.538,0.0,0.0,0.0,0.0,0.0,-1.0,-9.999999999999999e-31,0.0,0.7107,0.2745,0.00262,0.0007154,0.006497,-1.0,0.01476,-0.118,0.281,0.252,0.337
0.01471,0.0,8.45,2.7999999523,2.591711998,2.8,1.969,4.0397,4.027,1.0,0.0,0.538,0.0,0.0,0.0,0.0,0.0,-1.0,-9.999999999999999e-31,0.0,0.7107,0.2745,0.00262,0.0007154,0.006497,-1.0,0.01476,-0.153,0.25,0.22,0.306
0.01471,0.0,8.45,2.8234202862,2.5921666622,2.824,1.988,4.0406,4.015,1.0,0.0,0.538,0.0,0.0,0.0,0.0,0.0,-1.0,-9.999999999999999e-31,0.0,0.7107,0.2745,0.00262,0.0007154,0.006497,-1.0,0.01476,-0.2,0.207,0.176,0.264
0.01471,0.0,8.45,2.8744838238,2.5931286812,2.875,2.03,4.0418,3.986,1.0,0.0,0.538,0.0,0.0,0.0,0.0,0.0,-1.0,-9.999999999999999e-31,0.0,0.7107,0.2745,0.00262,0.0007154,0.006497,-1.0,0.01476,-0.305,0.108,0.077,0.166
0.01471,0.0,8.45,2.9318590164,2.5941638947,2.932,2.077,4.0422,3.949,1.0,0.0,0.538,0.0,0.0,0.0,0.0,0.0,-1.0,-9.999999999999999e-31,0.0,0.7107,0.2745,0.00262,0.0007154,0.006497,-1.0,0.01476,-0.423,-0.009,-0.04,0.05
0.01471,0.0,8.45,2.988373518,2.5951390266,2.989,2.124,4.0416,3.908,1.0,0.0,0.538,0.0,0.0,0.0,0.0,0.0,-1.0,-9.999999999999999e-31,0.0,0.7107,0.2745,0.00262,0.0007154,0.006497,-1.0,0.01476,-0.539,-0.128,-0.159,-0.07
0.01471,0.0,8.45,3.0,2.5953342915,3.0,2.133,4.0413,3.899,1.0,0.0,0.538,0.0,0.0,0.0,0.0,0.0,-1.0,-9.999999999999999e-31,0.0,0.7107,0.2745,0.00262,0.0007154,0.006497,-1.0,0.01476,-0.563,-0.153,-0.185,-0.096
0.01471,0.0,8.45,3.0355639458,2.595921278,3.036,2.162,4.0402,3.871,1.0,0.0,0.538,0.0,0.0,0.0,0.0,0.0,-1.0,-9.999999999999999e-31,0.0,0.7107,0.2745,0.00262,0.0007154,0.006497,-1.0,0.01476,-0.635,-0.232,-0.263,-0.175
0.01471,0.0,8.45,3.0865132809,2.5967350006,3.086,2.204,4.0366,3.822,1.0,0.0,0.538,0.0,0.0,0.0,0.0,0.0,-1.0,-9.999999999999999e-31,0.0,0.7107,0.2745,0.00262,0.0007154,0.006497,-1.0,0.01476,-0.741,-0.355,-0.385,-0.301
0.01471,0.0,8.45,3.1321935654,2.5974388123,3.132,2.242,4.0321,3.772,1.0,0.0,0.538,0.0,0.0,0.0,0.0,0.0,-1.0,-9.999999999999999e-31,0.0,0.7107,0.2745,0.00262,0.0007154,0.006497,-1.0,0.01476,-0.835,-0.472,-0.5,-0.421
0.01471,0.0,8.45,3.1792898178,2.5981402397,3.179,2.281,4.0257,3.714,1.0,0.0,0.538,0.0,0.0,0.0,0.0,0.0,-1.0,-9.999999999999999e-31,0.0,0.7107,0.2745,0.00262,0.0007154,0.006497,-1.0,0.01476,-0.933,-0.602,-0.628,-0.555
0.01471,0.0,8.45,3.2000000477,2.598441124,3.199,2.298,4.0218,3.684,1.0,0.0,0.538,0.0,0.0,0.0,0.0,0.0,-1.0,-9.999999999999999e-31,0.0,0.7107,0.2745,0.00262,0.0007154,0.006497,-1.0,0.01476,-0.976,-0.664,-0.688,-0.62
0.01471,0.0,8.45,3.2214076519,2.5987474918,3.221,2.316,4.0174,3.651,1.0,0.0,0.538,0.0,0.0,0.0,0.0,0.0,-1.0,-9.999999999999999e-31,0.0,0.7107,0.2745,0.00262,0.0007154,0.006497,-1.0,0.01476,-1.02,-0.73,-0.752,-0.689
0.01471,0.0,8.45,3.2511646748,2.5991654396,3.25,2.341,4.0102,3.602,1.0,0.0,0.538,0.0,0.0,0.0,0.0,0.0,-1.0,-9.999999999999999e-31,0.0,0.7107,0.2745,0.00262,0.0007154,0.006497,-1.0,0.01476,-1.082,-0.826,-0.845,-0.79
0.01471,0.0,8.45,3.2787802219,2.5995457172,3.278,2.364,4.0027,3.552,1.0,0.0,0.538,0.0,0.0,0.0,0.0,0.0,-1.0,-9.999999999999999e-31,0.0,0.7107,0.2745,0.00262,0.0007154,0.006497,-1.0,0.01476,-1.14,-0.919,-0.935,-0.89
0.01471,0.0,8.45,3.3019995689,2.5998599529,3.301,2.385,3.9953,3.505,1.0,0.0,0.538,0.0,0.0,0.0,0.0,0.0,-1.0,-9.999999999999999e-31,0.0,0.7107,0.2745,0.00262,0.0007154,0.006497,-1.0,0.01476,-1.191,-1.004,-1.017,-0.981
0.01471,0.0,8.45,3.3294620514,2.6002247334,3.328,2.413,3.9886,3.454,1.0,0.0,0.538,0.0,0.0,0.0,0.0,0.0,-1.0,-9.999999999999999e-31,0.0,0.7107,0.2745,0.00262,0.0007154,0.006497,-1.0,0.01476,-1.262,-1.105,-1.115,-1.088
0.01471,0.0,8.45,3.3345727921,2.6002919674,3.333,2.419,3.9877,3.445,1.0,0.0,0.538,0.0,0.0,0.0,0.0,0.0,-1.0,-9.999999999999999e-31,0.0,0.7107,0.2745,0.00262,0.0007154,0.006497,-1.0,0.01476,-1.277,-1.123,-1.133,-1.107
0.01471,0.0,8.45,3.347173214,2.6004564762,3.346,2.449,3.9994,3.463,1.0,0.0,0.538,0.0,0.0,0.0,0.0,0.0,-1.0,-9.999999999999999e-31,0.0,0.7107,0.2745,0.00262,0.0007154,0.006497,-1.0,0.01476,-1.353,-1.148,-1.163,-1.121
0.01471,0.0,8.45,3.3506159782,2.6005012989,3.349,2.465,4.0081,3.482,1.0,0.0,0.538,0.0,0.0,0.0,0.0,0.0,-1.0,-9.999999999999999e-31,0.0,0.7107,0.2745,0.00262,0.0007154,0.006497,-1.0,0.01476,-1.392,-1.146,-1.166,-1.113
0.01471,0.0,8.45,3.3521924019,2.6005215645,3.351,2.479,4.0172,3.504,1.0,0.0,0.538,0.0,0.0,0.0,0.0,0.0,-1.0,-9.999999999999999e-31,0.0,0.7107,0.2745,0.00262,0.0007154,0.006497,-1.0,0.01476,-1.428,-1.14,-1.163,-1.099
0.01471,0.0,8.45,3.3531923294,2.6005346775,3.352,2.499,4.0286,3.531,1.0,0.0,0.538,0.0,0.0,0.0,0.0,0.0,-1.0,-9.999999999999999e-31,0.0,0.7107,0.2745,0.00262,0.0007154,0.006497,-1.0,0.01476,-1.477,-1.134,-1.161,-1.084
0.01471,0.0,8.45,3.3536913395,2.6005411148,3.352,2.517,4.0381,3.551,1.0,0.0,0.538,0.0,0.0,0.0,0.0,0.0,-1.0,-9.999999999999999e-31,0.0,0.7107,0.2745,0.00262,0.0007154,0.006497,-1.0,0.01476,-1.522,-1.133,-1.164,-1.077
0.01471,0.0,8.45,3.3539943695,2.6005449295,3.352,2.533,4.0461,3.566,1.0,0.0,0.538,0.0,0.0,0.0,0.0,0.0,-1.0,-9.999999999999999e-31,0.0,0.7107,0.2745,0.00262,0.0007154,0.006497,-1.0,0.01476,-1.563,-1.135,-1.169,-1.074
